Multiple size <= 100
TEST 1 ARG:44 10 17 9 73 3 31 69 25 63 37 64 16 90 89 98 32 4 6 79 1 66 12 2 29 87 53 21 60 92 49 0 41 71 88 62 81 80 75 56 35 39 99 82 13 59 8 96 97 54 52 38 77 74 34 94 67 45 61 91 57 93 14 28 76 22 70 86 36 7 20 23 72 42 30 33 43 11 95 19 85 84 26 15 78 18 40 65 48 50 47 5 58 51 24 68 55 83 46 27 
TEST 2 ARG:23 60 9 19 29 70 77 22 32 6 67 51 61 96 78 52 34 41 79 94 0 42 74 97 87 84 89 28 62 68 27 57 35 53 91 11 49 63 92 80 17 44 20 5 98 64 37 40 4 65 13 99 95 10 8 38 36 39 45 24 86 21 71 26 18 25 33 7 88 47 56 14 81 46 76 31 66 83 90 75 58 73 12 55 72 15 50 30 82 69 16 3 54 59 85 43 2 93 1 48 
TEST 3 ARG:26 68 3 84 55 78 99 71 81 35 64 79 6 4 89 97 10 46 85 39 5 53 83 49 82 86 60 91 19 58 9 40 29 33 69 17 77 63 2 67 73 11 59 31 61 75 25 27 72 87 18 54 66 93 24 43 92 45 65 14 36 57 28 20 15 1 13 32 48 23 12 80 41 16 98 0 76 38 37 47 70 56 42 96 62 8 22 51 94 74 34 30 52 21 44 7 88 50 95 90 
TEST 4 ARG:78 97 51 11 13 29 93 89 17 25 28 55 88 61 47 32 9 57 14 64 0 86 8 80 71 58 65 69 39 38 79 37 67 62 40 27 42 60 3 91 94 63 48 59 34 77 43 70 75 84 68 72 16 52 15 76 45 23 85 99 90 53 36 30 10 98 73 6 2 12 4 82 26 96 74 46 7 41 50 19 21 20 49 1 95 87 83 56 92 54 31 35 33 66 18 44 24 5 22 81 
TEST 5 ARG:37 16 41 0 31 24 93 57 10 61 86 94 84 1 38 99 70 89 79 72 52 15 40 59 44 22 13 19 4 2 58 60 95 46 32 39 78 20 55 62 33 68 25 8 83 42 90 47 54 6 49 43 7 92 30 65 48 5 34 56 35 17 91 85 28 66 75 18 45 96 21 88 63 82 64 51 14 27 81 73 76 9 26 53 50 74 77 69 11 98 29 3 12 87 71 80 23 67 36 97 
TEST 6 ARG:13 26 77 9 58 60 25 87 72 42 64 21 81 69 59 31 23 55 78 79 35 68 52 15 53 7 66 6 73 57 24 30 51 39 40 2 19 80 29 67 44 38 96 27 61 37 16 91 36 12 75 5 22 11 17 88 90 84 97 8 74 76 43 10 62 65 50 56 46 48 89 4 18 45 82 83 28 49 14 32 3 34 92 95 63 0 41 86 70 1 93 85 47 71 54 33 98 94 99 20 
TEST 7 ARG:50 83 66 89 24 97 42 79 53 86 75 44 38 9 4 87 90 59 19 78 95 10 14 1 23 96 63 39 17 30 85 64 67 15 12 55 52 2 62 71 43 68 60 40 58 31 81 20 47 8 32 77 28 84 45 41 72 25 93 69 6 82 22 57 51 18 99 36 16 7 29 92 13 35 74 73 37 34 33 11 94 26 70 98 0 56 54 3 27 46 5 80 49 61 88 65 48 21 91 76 
TEST 8 ARG:17 62 29 11 83 70 12 0 77 99 73 5 58 95 72 71 76 94 88 26 44 10 6 25 66 86 80 96 98 36 7 22 3 9 32 74 33 60 53 61 56 64 31 21 82 65 40 19 15 49 75 35 28 27 97 59 57 34 18 38 14 93 50 4 23 20 69 37 41 51 52 24 79 13 63 90 54 87 55 84 67 30 85 42 91 16 47 46 45 78 89 48 43 8 39 68 2 1 81 92 
TEST 9 ARG:34 28 12 14 52 96 18 4 44 6 41 58 92 54 7 47 99 90 33 49 13 48 5 0 75 40 35 3 24 79 45 88 66 72 19 50 23 36 60 78 59 71 61 67 10 86 98 77 91 82 17 97 22 87 73 39 94 65 74 42 30 43 69 84 68 62 63 76 15 16 26 95 46 89 32 37 9 31 85 11 27 38 53 56 70 64 57 2 1 93 55 51 29 21 20 81 8 83 25 80 
TEST 10 ARG:65 12 43 94 35 33 62 84 44 86 76 6 89 68 31 75 66 22 88 48 2 51 91 42 74 81 11 57 90 58 73 1 15 63 3 29 93 82 64 9 55 40 99 23 13 85 36 28 49 20 53 72 16 83 79 27 0 41 18 45 26 80 78 7 32 10 46 67 19 38 56 61 4 30 71 14 87 34 59 98 60 24 54 70 47 5 52 50 97 92 21 77 8 17 37 39 96 69 95 25 
TEST 11 ARG:97 56 50 82 48 25 96 26 34 45 4 75 42 91 85 67 70 21 95 52 79 98 89 9 24 72 20 10 43 7 32 49 94 86 1 99 62 83 14 58 88 12 80 28 71 8 27 17 66 68 90 29 81 63 33 15 77 54 76 2 40 57 3 47 13 16 19 61 73 92 11 51 6 35 55 84 65 31 18 78 30 64 74 44 69 60 39 38 93 36 87 5 0 22 41 59 23 53 37 46 
TEST 12 ARG:35 36 78 13 37 91 44 8 32 3 22 72 97 48 62 77 14 64 71 90 60 56 76 17 40 12 18 15 49 39 53 85 42 41 7 29 79 66 38 61 74 65 89 31 28 30 47 1 34 46 19 81 86 88 9 2 93 50 68 11 24 69 87 57 98 52 51 33 80 96 5 26 6 0 21 58 63 73 94 23 10 67 70 45 20 92 4 43 75 82 84 99 55 54 16 95 27 59 25 83 
TEST 13 ARG:36 69 51 55 54 6 28 68 25 77 49 29 9 85 24 70 7 86 21 0 90 4 65 94 59 43 2 48 17 53 47 10 71 82 13 56 87 41 52 80 20 57 35 89 50 93 22 18 14 46 92 37 99 8 38 61 1 66 96 45 5 31 97 15 19 81 98 3 42 16 62 26 83 67 39 74 84 12 64 73 44 95 30 72 91 76 58 34 63 88 78 23 33 40 11 60 27 79 75 32 
TEST 14 ARG:58 6 35 25 30 59 27 84 93 71 64 73 99 56 40 9 13 69 16 32 4 81 29 41 43 42 28 62 91 88 86 21 33 50 72 90 54 46 39 34 23 80 85 95 97 19 55 2 10 66 83 61 0 18 78 37 57 7 26 48 17 60 3 20 11 52 44 92 63 38 94 79 96 31 76 89 67 5 36 15 24 51 47 87 8 53 12 49 65 98 82 1 45 77 74 68 22 75 70 14 
TEST 15 ARG:57 46 38 16 35 10 64 77 3 2 40 17 11 85 6 59 12 34 79 90 33 0 28 65 47 84 82 36 37 89 69 21 44 97 62 27 53 80 78 7 70 1 31 30 32 26 88 91 60 14 4 87 63 58 42 29 13 52 41 43 86 54 71 5 74 94 24 55 22 45 98 19 39 49 9 81 76 73 51 50 23 18 20 15 68 25 48 8 95 72 93 96 92 75 61 56 67 99 83 66 
TEST 16 ARG:10 93 46 59 68 26 31 88 3 91 17 39 15 55 84 74 85 14 29 5 54 16 64 0 18 49 44 69 30 61 25 11 36 52 78 50 2 19 28 6 95 56 42 63 34 47 72 66 7 71 80 27 70 81 90 67 51 24 82 35 98 60 12 92 89 87 86 23 76 8 94 73 40 22 58 99 32 65 83 53 48 1 21 4 20 97 79 62 38 33 75 43 13 41 57 9 37 77 45 96 
TEST 17 ARG:49 12 63 79 70 80 75 91 94 3 61 82 47 38 85 16 84 97 33 65 59 88 86 13 19 39 57 48 51 23 76 1 53 0 29 11 64 41 98 2 46 68 90 58 6 21 95 99 27 25 87 17 15 5 96 71 22 50 60 37 34 31 55 26 8 69 28 73 18 81 9 42 4 92 74 44 14 72 43 67 35 32 45 36 89 77 30 93 83 56 20 7 78 62 66 10 52 24 40 54 
TEST 18 ARG:4 60 46 96 0 65 68 2 99 79 33 81 89 34 64 77 8 10 56 94 51 29 30 92 22 1 85 25 20 5 9 40 32 19 54 37 67 80 48 31 24 15 55 83 74 17 62 18 28 71 21 91 69 43 35 84 52 50 16 59 3 38 36 73 53 86 23 7 66 6 26 47 75 90 61 93 82 70 95 72 49 78 39 13 57 87 97 45 63 14 76 41 12 42 44 88 98 27 11 58 
TEST 19 ARG:16 88 50 32 28 35 4 29 41 60 58 56 72 49 36 83 25 11 74 91 19 81 12 40 18 31 68 5 73 82 34 52 53 20 23 61 97 6 64 8 84 96 76 2 90 26 44 42 94 78 37 85 70 95 65 22 43 67 21 57 30 10 24 89 9 33 0 66 87 27 59 62 17 7 86 55 14 38 71 51 99 69 39 46 15 93 47 77 92 79 54 48 80 63 1 45 98 13 3 75 
TEST 20 ARG:12 56 8 64 40 24 52 14 79 98 75 77 88 30 25 27 68 59 18 93 86 20 62 13 99 49 63 7 2 39 31 28 42 47 3 66 92 36 80 33 71 54 23 67 65 81 10 1 57 41 76 29 85 96 17 44 73 51 5 50 38 48 9 22 61 55 16 15 94 0 19 6 83 37 43 87 91 4 90 26 45 60 70 35 21 84 46 72 58 89 97 32 74 69 34 82 95 11 53 78 
TEST 21 ARG:75 91 8 60 65 49 70 77 24 89 14 51 78 12 99 82 26 5 20 85 25 17 74 84 68 92 9 34 96 43 62 97 98 71 67 79 90 88 29 76 33 45 41 47 61 6 83 52 48 1 56 7 28 31 11 2 19 57 36 22 39 50 10 42 69 32 64 87 55 27 18 3 53 38 94 44 72 80 21 13 81 46 59 54 30 4 37 73 23 58 95 63 40 93 15 66 86 16 35 0 
TEST 22 ARG:10 91 16 73 83 85 33 48 29 20 45 47 28 32 75 68 44 27 70 80 59 34 71 39 81 67 97 57 65 50 93 40 8 1 3 26 84 82 12 74 63 30 49 54 98 7 43 42 14 60 6 53 66 62 38 92 95 76 88 4 94 96 77 0 56 78 41 61 51 17 89 21 90 55 52 87 19 58 64 25 35 37 18 15 9 24 69 5 31 86 11 99 23 22 36 13 72 79 2 46 
TEST 23 ARG:91 78 95 75 93 98 58 42 87 12 15 54 53 19 38 81 41 55 48 27 71 43 9 77 34 65 36 59 89 31 50 96 69 10 35 70 13 99 1 40 92 30 68 67 7 62 11 16 46 82 25 83 56 39 26 17 61 8 84 37 47 3 49 79 6 45 4 90 22 76 5 29 18 63 97 28 2 72 32 52 51 14 64 66 21 44 33 86 57 0 73 74 94 85 88 24 80 23 60 20 
TEST 24 ARG:82 99 8 90 55 76 54 1 72 81 34 98 15 18 19 42 41 57 31 14 83 10 63 87 11 51 35 61 16 12 33 50 77 32 69 86 36 26 67 21 56 29 7 80 23 25 53 74 66 13 5 71 60 17 89 73 3 97 24 64 0 79 38 46 78 44 62 48 75 47 20 27 52 68 49 4 59 93 91 2 37 94 95 30 85 45 28 58 6 88 92 22 39 65 9 70 96 84 43 40 
TEST 25 ARG:34 99 68 90 62 66 84 35 96 53 60 32 11 72 73 22 59 86 78 18 31 52 30 20 15 88 41 8 43 91 69 44 5 87 28 0 16 75 97 55 76 64 56 61 58 21 74 82 67 7 19 77 40 37 29 71 42 94 6 39 4 93 26 47 98 92 27 13 3 1 57 63 89 70 85 51 14 81 50 17 36 33 49 80 95 48 24 46 79 83 54 38 2 12 9 45 65 10 25 23 
TEST 26 ARG:4 3 78 42 28 69 70 95 90 59 14 11 17 55 61 79 27 65 24 97 36 58 84 32 50 74 62 5 7 15 22 13 75 96 23 40 35 71 86 34 21 93 10 60 54 73 41 9 39 80 38 26 82 76 2 30 0 25 67 6 94 43 92 99 16 48 31 83 85 77 89 57 12 49 8 33 44 66 20 91 51 72 56 68 52 1 87 37 29 47 63 64 53 81 46 18 98 88 19 45 
